# Default initial positions for panda's ros2_control fake system

initial_positions:
  finger_joint1: 0
  finger_joint2: 0
  joint1: 0.0
  joint2: -0.7853981633974483
  joint3: 0.0
  joint4: -2.356194490192345
  joint5: 0.0
  joint6: 1.5707963267948966
  joint7: 0.7853981633974483